121.800000 0.016585 0.000164 
244.650000 0.008543 0.000041
344.270000 0.006158 0.000029 
367.740000 0.005602 0.000163 
411.050000 0.005449 0.000122 
443.950000 0.004775 0.000045
688.770000 0.003339 0.000102 
779.080000 0.002965 0.000013 
867.630000 0.002697 0.000058
964.010000 0.002469 0.000021 
1005.140000 0.002348 0.000169 
1085.790000 0.002256 0.000018 
1089.700000 0.002248 0.000000 
1112.060000 0.002221 0.000027 
1212.940000 0.002144 0.000074 
1299.180000 0.001924 0.000038 
1408.050000 0.001868 0.000014
